countSensor =

      129984


countLsd =

       65652


countFussion =

       58867


totalcount =

      254503

