countSensor =

      159777


countLsd =

       35522


countFussion =

       39030


totalcount =

