
countSensor =

      165446


countLsd =

       21430


countFussion =

       55346

